19.5372820907 27.0590432267 0 0.742719815206 25
259.407649491 27.1656285541 0 0.846648536955 25
113.914775323 28.6908432179 0 0.8632138534 25
342.526859041 28.0390860979 0 0.819007984048 25
112.396345134 26.1008611388 0 0.82154133508 25
218.594677541 25.5785213841 0 0.736530940767 25
0.43862853154 25.4978413462 0 0.740915341335 25
305.212851798 27.3160483662 0 0.811847422087 25
223.292086467 29.6266836441 0 0.755218371076 25
140.415193065 27.011201369 0 0.891017244022 25
214.38324772 25.8436794482 0 0.687311965935 25
64.2677235246 29.4494035084 0 0.681956875922 25
141.329747544 28.8496810462 0 0.733617149323 25
188.051256954 27.5739560745 0 0.909740652674 25
236.1036603 26.5297384808 0 0.906089320283 25
72.2833319819 28.6553322136 0 0.855456102953 25
337.892553212 25.3612614347 0 0.735335489697 25
217.906057008 29.0069547591 0 0.689607539009 25
158.163517415 26.1925554399 0 0.698749244924 25
291.247194134 25.5803113985 0 0.876685030548 25
28.9791587575 26.6765245553 0 0.764610248048 25
226.346084902 26.0404338719 0 0.930036111582 25
146.151910542 28.5462299409 0 0.719900098368 25
118.782876387 27.8918846391 0 0.779374622659 25
