285.174658664 25.3515996259 0 0.739371907112 25
248.246040783 25.2980029099 0 0.670628667901 25
295.304733463 26.4794368069 0 0.75698541182 25
252.875935802 25.1606872161 0 0.883547267071 25
341.696117517 28.94436806 0 0.931133246381 25
22.8726234601 28.8912011469 0 0.940151442306 25
83.0952708688 29.6227706683 0 0.858474131001 25
251.653214895 26.8630403011 0 0.864049937144 25
267.19848801 27.2228313973 0 0.763986600318 25
42.5813111287 25.6105546795 0 0.809758736381 25
205.619106426 26.5102315156 0 0.735576390406 25
240.155135075 26.4841876398 0 0.842345354414 25
311.168849316 28.1716100739 0 0.82272580635 25
73.4119868588 27.1743087119 0 0.895476816495 25
146.501738201 25.4528711398 0 0.824458351766 25
53.096652504 28.1402806004 0 0.703977921016 25
309.686829265 28.1896735351 0 0.835278501605 25
86.6467794885 25.6344213397 0 0.918509168405 25
119.524768053 28.4454250815 0 0.6870869463 25
69.4362020197 27.3488232911 0 0.652958114366 25
233.188104268 28.6953111556 0 0.784348159965 25
199.251921334 26.338140709 0 0.808467683147 25
5.47554718679 28.413057445 0 0.884411065367 25
301.12016198 28.7530739514 0 0.918352781576 25
