82.2664241704 25.2062131588 0 0.652445455487 25
117.984320613 25.678576538 0 0.662128811003 25
276.831945769 29.6235413683 0 0.730083042212 25
228.269662536 28.111162661 0 0.788859910664 25
201.632661107 26.3520078573 0 0.78382985394 25
302.521854789 25.7423042062 0 0.835858814638 25
248.668578639 27.5251108819 0 0.713873633419 25
277.886177755 27.3148118165 0 0.833869519278 25
104.18667649 25.1566757868 0 0.774872469861 25
340.898092096 25.387422575 0 0.651582347016 25
68.4494140995 26.4712911216 0 0.937384844825 25
227.429147597 25.8758875511 0 0.720718691764 25
341.161833761 29.1575164112 0 0.822800051418 25
101.365192598 27.0371446906 0 0.891366244176 25
299.659686424 27.4393793613 0 0.654676965836 25
36.072531671 25.5782717226 0 0.716017619112 25
231.991770875 28.4081523277 0 0.651784612554 25
37.4529336164 28.5806127219 0 0.684824856156 25
330.469441444 25.6835938465 0 0.653923900847 25
294.599264977 26.1110254745 0 0.6864260895 25
259.918306349 25.2104893087 0 0.650082484385 25
179.268722349 27.5131890685 0 0.823881138501 25
277.029861723 28.5391159178 0 0.940560385347 25
325.246861734 29.6221360701 0 0.67285171858 25
