313.820544839 26.9436072607 0 0.913124897465 25
207.164145669 28.9725450472 0 0.749380826665 25
107.013997605 26.4321222008 0 0.874989534738 25
55.6145985085 26.7940650776 0 0.907218274654 25
66.723427227 26.7008455865 0 0.937386137448 25
139.531063878 28.6254098933 0 0.810028270019 25
109.839410643 25.6270490127 0 0.800683639872 25
96.8370077916 27.0539967048 0 0.802358872323 25
247.646821601 29.8035162055 0 0.797948888417 25
206.672645116 29.993246251 0 0.692435634644 25
111.516890136 26.2941443238 0 0.829918483638 25
164.457567782 26.8753084341 0 0.725916869176 25
99.6990788888 27.5910870114 0 0.828614385911 25
50.9936593316 29.7454255306 0 0.824866868974 25
258.491719378 25.7660123964 0 0.776324593911 25
97.6299896101 29.310709441 0 0.802978552202 25
124.205519224 26.2527220316 0 0.776336411706 25
132.862941688 29.7921177388 0 0.783883535534 25
59.9277481844 29.0657690222 0 0.690818011 25
176.396000074 29.4347767884 0 0.941777138636 25
4.41635391287 25.6070637502 0 0.710822088925 25
39.8145900931 25.3752124192 0 0.945963752816 25
136.924394272 29.4476148321 0 0.753274863261 25
47.1518738504 28.2474709284 0 0.918982174469 25
